CapitalLambdadata = [-6.04557	-6.40897	1.00165
-2.76736	-3.08794	1.04506
-1.7781	-2.02398	1.11391
-0.962244	-1.08566	1.18078
-0.0166117	0.0286005	1.14915
0.465205	0.567776	1.08667
2.12277	2.34936	1.05081
-2.76736	-3.02627	1.04831
-1.7781	-1.9534	1.13558
-0.962244	-0.961269	1.32787
-0.0167906	0.608778	2.23185
0.455318	1.76592	1.98096
0.631792	2.01244	0.626883
1.89935	2.84193	-0.0146434
-2.76736	-2.99052	1.05012
-1.7781	-1.91397	1.14271
-0.962244	-0.908529	1.36002
-0.0168509	0.753806	2.45121
0.451237	2.0272	2.15406
0.606298	2.27599	0.736345
1.81287	2.91282	-0.507593
-2.76736	-2.96263	1.05156
-1.7781	-1.88329	1.14785
-0.962244	-0.869089	1.38017
-0.0168832	0.845441	2.55914
0.449113	2.1437	2.08604
0.595055	2.37744	0.717919
1.76726	2.9044	-0.98467
-2.76736	-2.93967	1.05277
-1.7781	-1.85802	1.15201
-0.962244	-0.836971	1.39556
-0.0169036	0.91344	2.61812
0.447815	2.19482	1.91137
0.588809	2.40459	0.618436
1.73924	2.85521	-1.33276
-2.76736	-2.92023	1.05381
-1.7781	-1.8366	1.15555
-0.962244	-0.809841	1.40822
-0.0169249	0.96641	2.64481
0.446939	2.20499	1.68515
0.584823	2.38685	0.483086
1.72035	2.77425	-1.56141
-2.76736	-2.90345	1.05473
-1.7781	-1.8181	1.15864
-0.962244	-0.786427	1.41899
-0.0169399	1.00809	2.6453
0.44631	2.186	1.43918
0.582058	2.33916	0.339565
1.70679	2.67009	-1.6963
-2.76736	-2.88878	1.05554
-1.7781	-1.8019	1.16136
-0.962244	-0.765922	1.42834
-0.016951	1.04045	2.62259
0.445838	2.14522	1.19413
0.580033	2.2709	0.203605
1.69663	2.55058	-1.76225
-2.76736	-2.87582	1.05627
-1.7781	-1.78756	1.16379
-0.962244	-0.747773	1.43653
-0.0169596	1.0646	2.57836
0.445473	2.08799	0.963171
0.578495	2.18855	0.0830677
1.68875	2.42186	-1.77986
-2.76736	-2.86426	1.05693
-1.7781	-1.77477	1.16598
-0.962244	-0.73158	1.44375
-0.0169664	1.08125	2.51386
0.445184	2.01841	0.753818
0.577296	2.09673	-0.0191545
1.68248	2.28835	-1.76492
-2.76736	-2.85389	1.05752
-1.7781	-1.76328	1.16796
-0.962244	-0.717041	1.45013
-0.0169718	1.09086	2.43024
0.444953	1.93968	0.569465
0.576342	1.99876	-0.103062
1.6774	2.15303	-1.72887
-2.76736	-2.84454	1.05806
-1.7781	-1.75291	1.16976
-0.962244	-0.703926	1.45573
-0.0169762	1.0937	2.32881
0.444763	1.85428	0.41068
0.575569	1.89701	-0.170155
1.67321	2.01781	-1.67974
-2.76736	-2.83606	1.05856
-1.7781	-1.7435	1.17141
-0.962244	-0.69205	1.46063
-0.0169799	1.08998	2.2111
0.444607	1.76416	0.276284
0.574934	1.79316	-0.22256
1.6697	1.8839	-1.62307
-2.76736	-2.82835	1.05901
-1.7781	-1.73493	1.17292
-0.962244	-0.681267	1.46486
-0.0169829	1.07983	2.07901
0.444475	1.67077	0.164139
0.574402	1.68839	-0.262542
1.66674	1.75197	-1.56258
-2.76736	-2.82131	1.05943
-1.7781	-1.72711	1.1743
-0.962244	-0.671461	1.46843
-0.0169855	1.06336	1.93475
0.444361	1.57525	0.0716966
0.573947	1.5835	-0.29224
1.6642	1.62239	-1.50083
-2.76736	-2.81486	1.05982
-1.7781	-1.71994	1.17557
-0.962244	-0.662534	1.47135
-0.0169877	1.04066	1.78088
0.444261	1.47842	-0.00366741
0.57355	1.47902	-0.313562
1.66201	1.49531	-1.43952
-2.76736	-2.80894	1.06017
-1.7781	-1.71335	1.17673
-0.962244	-0.654409	1.47359
-0.0169897	1.01186	1.62024
0.444171	1.38089	-0.0644556
0.573193	1.37529	-0.328149
1.66011	1.37074	-1.37981
-2.76736	-2.8035	1.0605
-1.7781	-1.7073	1.17781
-0.962244	-0.647025	1.47514
-0.0169915	0.977085	1.45585
0.444088	1.28311	-0.112951
0.572865	1.27252	-0.337384
1.65844	1.24861	-1.32247
-2.76736	-2.79849	1.06081
-1.7781	-1.70172	1.17879
-0.962244	-0.640333	1.47592
-0.0169932	0.936508	1.29083
0.444008	1.18541	-0.151179
0.572553	1.17083	-0.342421
1.65696	1.12879	-1.26806];
