M_chiIntData =[-3.983816034	-3.48930643	1.027766223
-2.357218028	-1.761824362	1.11168422
-1.443848126	-0.713435701	1.1772877
-0.749370944	0.099695438	1.146145631
0.062962082	0.987196424	1.042670178
2.127747641	3.057258148	0.994387908
-4.205417881	-3.646556396	1.027994506
-2.575780323	-1.927383669	1.094534965
-1.66379228	-0.902534029	1.147004561
-0.974442974	-0.114754039	1.124995907
-0.177349224	0.746164433	1.028342797
1.85033949	2.707276555	0.960828093
-4.269223407	-3.662601953	1.029228868
-2.639012267	-1.941572134	1.095922645
-1.732082282	-0.921125182	1.147777402
-1.052903398	-0.14674412	1.116266117
-0.270239289	0.684471998	1.0039776
1.737685832	2.561464978	0.926859966
-4.291856054	-3.652395826	1.030541981
-2.661280301	-1.927813778	1.099719642
-1.758571989	-0.906462731	1.156838148
-1.087760962	-0.135709799	1.12211315
-0.31728842	0.678450249	0.985932136
1.676332419	2.485968103	0.898028285
-4.300872905	-3.639462081	1.031653344
-2.669827691	-1.911304971	1.103546209
-1.77008624	-0.887282898	1.167277083
-1.10539913	-0.115352661	1.134801646
-0.344433614	0.6924991	0.979129199
1.637759482	2.44381444	0.872214241
-4.304931189	-3.629057139	1.03250691
-2.67337466	-1.897867826	1.106715629
-1.77559972	-0.870845671	1.176757907
-1.11521483	-0.095620388	1.149690271
-0.361431382	0.712949543	0.981746886
1.61131717	2.420311954	0.848493858
-4.307039081	-3.621761113	1.033128722
-2.675002883	-1.888193767	1.109148153
-1.778521966	-0.858456609	1.184650321
-1.121136432	-0.079309649	1.16431471
-0.372723447	0.734023369	0.990854099
1.592107267	2.408293522	0.826728884
-4.308298961	-3.61705095	1.033566658
-2.675850986	-1.881699996	1.110943337
-1.780237447	-0.849732708	1.190935188
-1.124967586	-0.066799546	1.177531638
-0.380580711	0.753261668	1.003845507
1.577557883	2.403766002	0.80699792
-4.309138735	-3.614291433	1.033866522
-2.676353901	-1.877642253	1.112233346
-1.781340802	-0.843946052	1.195809817
-1.127595614	-0.057692105	1.188922185
-0.38625907	0.769727888	1.018642583
1.566187573	2.404295599	0.789388704
-4.309739615	-3.612968226	1.034064927
-2.676685696	-1.875398971	1.113135524
-1.782103743	-0.840421197	1.199518755
-1.129485269	-0.051414038	1.198447616
-0.390494452	0.783206145	1.033790415
1.557082306	2.40830236	0.773946317
-4.310188132	-3.612706082	1.034189005
-2.676921415	-1.874506179	1.113742123
-1.782660089	-0.838622608	1.202287381
-1.130895355	-0.047424026	1.206243761
-0.393738363	0.793814658	1.048380132
1.549647344	2.414712956	0.760659235
-4.310531417	-3.613238553	1.034258231
-2.677096943	-1.874629091	1.114122438
-1.783081519	-0.838147433	1.204303077
-1.131978728	-0.045269048	1.212509681
-0.396278721	0.801812892	1.06189787
1.543478959	2.422773861	0.749460313
-4.310798204	-3.61437587	1.034286472
-2.677231578	-1.875526803	1.114327839
-1.783409714	-0.838696795	1.205715301
-1.1328306	-0.04458648	1.217453709
-0.3983054	0.807505396	1.074098185
1.538293428	2.43194333	0.740217751
-4.311007474	-3.615980757	1.034283651
-2.677336865	-1.877024057	1.114396512
-1.783670697	-0.840048183	1.206641534
-1.133513055	-0.045090294	1.221269914
-0.399947409	0.811195343	1.084906598
1.533885544	2.441826765	0.73283566
-4.31117244	-3.617951947	1.03425696
-2.677420291	-1.878991228	1.114357137
-1.783881642	-0.842034086	1.207173984
-1.134068155	-0.046555157	1.224129714
-0.401294842	0.813162996	1.094347522
1.530103209	2.452129988	0.72719814
-4.311302623	-3.620213239	1.034211695
-2.677486993	-1.881330715	1.114231543
-1.78405438	-0.844526619	1.207385372
-1.134525317	-0.048802676	1.226180588
-0.402412184	0.813657934	1.102499269
1.526831309	2.462631477	0.72317973
-4.311405061	-3.622706236	1.034151827
-2.677540633	-1.883967748	1.114036582
-1.784197323	-0.847426731	1.207333482
-1.134905674	-0.051690557	1.227547751
-0.403346638	0.812897783	1.109465559
1.523981122	2.473163138	0.720652669
-4.311485067	-3.625385445	1.03408038
-2.677583892	-1.886844139	1.113785445
-1.784316613	-0.850656646	1.207064625
-1.13522476	-0.055104364	1.228336847
-0.404133481	0.811070013	1.115358435
1.52148318	2.483596687	0.719491673
-4.311546719	-3.628214915	1.033999694
-2.677618782	-1.88991395	1.113488584
-1.784416833	-0.854154522	1.206616225
-1.135494232	-0.058951312	1.228636784
-0.404799577	0.808334995	1.120288567
1.519282311	2.493833819	0.719576872
-4.311593203	-3.631165866	1.033911606
-2.677646838	-1.893140456	1.113154375
-1.784501465	-0.85787063	1.20601877
-1.135722997	-0.063155592	1.228522363
-0.405365741	0.804829402	1.124360126
1.517334156	2.50379901	0.720795447];
