% setup_Betacorr.m
% Corrected beta: Exp(dZ(t)*theta)

Betacorr = [1.0649141e+00   1.0579968e+00   1.0514217e+00   1.0451790e+00   1.0392591e+00   1.0336529e+00   1.0283519e+00   1.0233477e+00   1.0186323e+00   1.0141979e+00   1.0100373e+00   1.0061433e+00   1.0025092e+00   9.9912824e-01   9.9599427e-01   9.9310116e-01   9.9044306e-01   9.8801430e-01   9.8580946e-01   9.8382325e-01   9.8205060e-01   9.8048658e-01   9.7912645e-01   9.7796558e-01   9.7699952e-01   9.7622393e-01   9.7563459e-01   9.7522741e-01   9.7499842e-01   9.7494373e-01   9.7505955e-01   9.7534220e-01   9.7578805e-01   9.7639357e-01   9.7715529e-01   9.7806981e-01   9.7913379e-01   9.8034393e-01   9.8169700e-01   8.2872135e-01   9.9021110e-01   9.9021110e-01   9.9021110e-01   9.9021110e-01   9.9021110e-01   9.9021110e-01   9.9021110e-01   9.9021110e-01   9.9021110e-01   9.9021110e-01   9.9021110e-01   9.9021110e-01   9.9021110e-01   9.9021110e-01   9.9021110e-01   9.9021110e-01   9.9021110e-01   9.9021110e-01   9.9021110e-01   9.9021110e-01   9.9021110e-01   9.9021110e-01   9.9021110e-01   9.9021110e-01   9.9021110e-01];


