M_chiIntData = [-6.045568745	-6.602416492	1.001357085
-2.767358073	-3.288969223	1.037184823
-1.778103757	-2.236492959	1.099623844
-0.962243823	-1.306165285	1.180781181
-0.016611682	-0.171677946	1.191284873
0.465205418	0.391270445	1.142671378
2.12277388	2.395000685	1.485952544
-2.767358073	-3.275373137	1.037767552
-1.778103757	-2.220736049	1.10616721
-0.962243823	-1.267565043	1.252272525
-0.016790639	0.139824471	1.930017975
0.455318485	1.35144488	3.264775071
0.631792073	1.884033447	1.773342794
1.899354479	2.994511038	1.158644524
-2.767358073	-3.275264012	1.037780535
-1.778103757	-2.220467303	1.106790804
-0.962243823	-1.264763211	1.260451532
-0.016850882	0.175404404	2.025345202
0.4512371	1.490437433	3.905688436
0.606297692	2.082273513	2.850997478
1.812873717	3.190803934	0.789903032
-2.767358073	-3.276302022	1.037744767
-1.778103757	-2.221516693	1.106908927
-0.962243823	-1.265006726	1.263264535
-0.016883235	0.187003921	2.0604539
0.44911279	1.541156612	4.179415946
0.595054847	2.151731707	3.418027315
1.76725991	3.37358014	0.533472364
-2.767358073	-3.277674269	1.037694817
-1.778103757	-2.222950734	1.106877142
-0.962243823	-1.266149233	1.264478579
-0.016903635	0.191423562	2.072893083
0.447814599	1.563959658	4.319295244
0.588809269	2.180902605	3.732175518
1.739237789	3.54490416	0.431525868
-2.767358073	-3.279183451	1.037639083
-1.778103757	-2.224542855	1.106781697
-0.962243823	-1.267670253	1.265005927
-0.016924855	0.192724956	2.081792076
0.446939169	1.574441396	4.395505978
0.584823284	2.192413264	3.916016184
1.72034566	3.700797276	0.431122857
-2.767358073	-3.280757896	1.037580617
-1.778103757	-2.226210759	1.106653909
-0.962243823	-1.269380813	1.265177596
-0.016939877	0.192441742	2.086516177
0.446309813	1.578466468	4.437101441
0.582057718	2.194838836	4.027146292
1.706791478	3.842216842	0.497162172
-2.767358073	-3.28236531	1.037520792
-1.778103757	-2.227917362	1.106507884
-0.962243823	-1.271195781	1.265142663
-0.016951049	0.191240461	2.088796989
0.445837598	1.578740504	4.458086046
0.580032729	2.192153413	4.094477842
1.696626791	3.971507192	0.610749534
-2.767358073	-3.283988999	1.037460318
-1.778103757	-2.2296435	1.106350909
-0.962243823	-1.273071168	1.264978151
-0.016959638	0.189466105	2.089534833
0.445472633	1.57668053	4.466019847
0.578494811	2.186419127	4.133921244
1.688748279	4.090968191	0.76277016
-2.767358073	-3.285619472	1.037399596
-1.778103757	-2.231378276	1.106187127
-0.962243823	-1.27498196	1.264727857
-0.0169664	0.187315058	2.089243861
0.445184339	1.573094331	4.465297549
0.577295757	2.178784433	4.154814469
1.682484128	4.202438618	0.949272413
-2.767358073	-3.287250935	1.037338871
-1.778103757	-2.233115042	1.106019064
-0.962243823	-1.27691289	1.264418521
-0.016971818	0.184907264	2.08823879
0.444952616	1.568471564	4.458615731
0.576341744	2.16991843	4.162799077
1.677401609	4.307238313	1.169156788
-2.767358073	-3.288879652	1.0372783
-1.778103757	-2.234849511	1.105848345
-0.962243823	-1.278854122	1.26406738
-0.016976225	0.182320058	2.086722838
0.444763484	1.563122979	4.447695631
0.57556946	2.160220502	4.161368393
1.673209175	4.40618593	1.42265901
-2.767358073	-3.290503113	1.037217988
-1.778103757	-2.236578805	1.105676065
-0.962243823	-1.280799034	1.263686045
-0.016979856	0.179605495	2.084832915
0.444606746	1.557252655	4.433667878
0.574933897	2.149930861	4.152717839
1.669703007	4.499622253	1.710062376
-2.767358073	-3.292119566	1.037158006
-1.778103757	-2.238300917	1.105502983
-0.962243823	-1.282743015	1.263282616
-0.016982893	0.176799862	2.082664483
0.444474668	1.550998237	4.417291901
0.574401662	2.139193056	4.138241845
1.666736143	4.587430953	2.031467215
-2.767358073	-3.29372776	1.037098405
-1.778103757	-2.240014411	1.105329645
-0.962243823	-1.284682755	1.262862911
-0.016985473	0.173929193	2.080286033
0.444361182	1.544454385	4.399085186
0.573947051	2.128089677	4.118817248
1.664199713	4.66901267	2.385589404
-2.767358073	-3.295326774	1.037039223
-1.778103757	-2.241718234	1.105156449
-0.962243823	-1.286615827	1.262431214
-0.016987708	0.171012622	2.077747882
0.444261409	1.537687264	4.379405132
0.573549708	2.116665463	4.094998046
1.662011145	4.743272621	2.768684833
-2.767358073	-3.296915919	1.036980486
-1.778103757	-2.2434116	1.104983694
-0.962243823	-1.288540407	1.261990747
-0.016989689	0.168064511	2.075087758
0.44417137	1.530744062	4.358504354
0.573193249	2.10494363	4.067156527
1.660106483	4.808639373	3.173521987
-2.767358073	-3.298494674	1.036922214
-1.778103757	-2.24509391	1.104811605
-0.962243823	-1.29045511	1.261543976
-0.016991493	0.165095826	2.072334463
0.444087848	1.523659672	4.3365709
0.572864529	2.092938844	4.035596792
1.658435282	4.863150703	3.588476909
-2.767358073	-3.300062635	1.036864422
-1.778103757	-2.246764706	1.104640358
-0.962243823	-1.29235886	1.261092819
-0.01699318	0.162115083	2.06951035
0.444008344	1.516461777	4.313760308
0.572553364	2.080668904	4.000657267
1.656957142	4.904653668	3.996599945
];